20
0: 0,2 1,5 2,6 3,1 4,2 5,7 6,0 7,2 8,8 9,4 10,9 11,0 12,3 13,3 14,9 15,5 16,5 17,3 18,5 19,4
1: 0,5 1,7 2,6 3,4 4,1 5,8 6,1 7,2 8,5 9,3 10,3 11,1 12,2 13,4 14,2 15,1 16,2 17,6 18,0 19,6
2: 0,7 10,4 16,2 17,0 18,6 19,7
3: 0,1 7,9 9,7
4: 0,8 1,7 2,2 3,6 4,5 5,8 7,4 10,4 12,2 14,8 15,6
5: 8,8 14,3
6: 0,4 1,3 2,0 3,7 4,9 5,0 6,1 7,7 8,2 9,3 10,1 11,3 12,4 13,2 14,7 15,8 16,4 17,8 18,3 19,6
7: 1,8 2,1 6,8 7,3 8,7 9,8 10,9 12,3 13,8 15,9 17,5
8: 1,6 5,0 6,7 7,9
9: 4,4 5,0 11,7 14,7 15,5 16,1 17,7 18,8 19,4
10: 2,9 4,4 19,4
11: 0,6 1,9 3,0 6,4 11,2 12,0 15,0 19,6
12: 6,8
13: 3,1
14: 2,7 18,4
15: 0,5 1,2 2,8 3,6 4,7 5,8 6,1 7,5 8,7 9,7 10,8 11,3 12,5 16,6 17,0 18,8 19,3
16: 1,3 3,8 4,6 5,5 7,7 10,7 11,8 12,4 13,0 14,6 16,4 17,0 18,0
17:
18: 0,5 1,7 2,0 3,6 5,9 6,1 7,9 8,2 9,0 10,6 11,3 12,6 13,4 14,4 15,2 16,5 17,2 18,8 19,2
19: 4,0 6,6 18,0 19,7
