30
0: 0,29 2,4 3,33 7,2 9,4 13,21 14,29 15,45 16,23 17,5 20,40 21,45 22,3 26,45 28,48 29,42
1: 4,17 5,23 6,15 7,25 10,11 12,48 13,21 16,42 17,7 22,13 24,20 27,9
2: 3,41 7,18 15,15 17,0 20,39 21,38 27,15 29,8
3: 0,16
4:
5:
6: 6,2 10,7 11,32 16,6 19,47 20,34 26,40
7: 0,41 9,47 17,29
8: 0,14 22,12 25,48
9: 4,49 5,2 6,13 16,38 17,29 18,49 19,28 22,47 28,16 29,30
10: 0,33 2,0 3,17 6,14 8,42 9,11 13,29 14,11 20,14 21,13 23,12 25,30 29,16
11:
12: 4,48 15,40 22,29 27,28 29,23
13: 2,17
14: 1,7 3,9 8,20
15: 5,41 10,5 13,33 29,29
16:
17: 5,7 9,44 13,13 15,31 16,30 27,29
18: 6,43
19: 0,10 8,21 15,32 24,17
20: 18,25
21: 14,7 21,37 26,44
22: 4,4 12,39 29,44
23:
24: 19,37
25: 6,46 8,40 9,0 13,21 14,14 15,9 22,23 24,15 25,42
26: 12,7 28,34
27: 8,28 15,38 20,5 22,38 23,36 27,40 29,13
28: 0,37 1,40 3,40 4,16 6,24 7,18 8,43 11,31 12,3 13,38 14,44 15,26 17,9 18,27 19,10 21,8 22,4 23,8 25,45 26,39 27,37 28,27 29,15
29:
